Sentence Text to Sentence ID
Multi-Class Classification

Multinomial Naive Bayes

Classification Report: 
              precision    recall  f1-score   support

           0       0.90      0.98      0.94       130
           1       0.84      0.98      0.91       110
           2       0.57      0.92      0.70        93
           3       0.63      0.12      0.20       101
           4       0.66      0.83      0.74       103
           5       0.52      0.73      0.61        45
           6       0.00      0.00      0.00        30
           7       1.00      0.96      0.98       102
           8       0.00      0.00      0.00         3
           9       0.73      0.49      0.58        39
          10       0.36      0.30      0.33        43
          11       0.00      0.00      0.00         6
          12       1.00      0.08      0.14        13
          13       0.90      0.75      0.82        12
          14       0.00      0.00      0.00        13
          15       0.68      0.86      0.76        42
          16       0.73      0.48      0.58        23
          17       0.88      0.50      0.64        28
          18       0.79      0.97      0.87        91
          19       0.62      1.00      0.76        26
          20       0.00      0.00      0.00         3
          21       0.71      0.67      0.69        45
          22       1.00      0.06      0.11        17
          23       0.51      0.80      0.62        25
          24       1.00      0.10      0.17        21
          25       0.34      0.97      0.51        61
          26       0.00      0.00      0.00        33
          27       0.00      0.00      0.00         8
          28       0.00      0.00      0.00        11
          29       0.00      0.00      0.00         4
          30       0.00      0.00      0.00        20
          31       0.00      0.00      0.00         1
          32       0.67      0.81      0.73        52
          33       0.81      1.00      0.90        44
          34       1.00      0.07      0.12        30
          35       0.65      0.97      0.78        71
          36       1.00      0.17      0.29        18
          37       0.92      0.75      0.83        16
          38       0.94      0.97      0.96        34
          39       0.83      0.70      0.76        27
          40       1.00      0.14      0.25         7

    accuracy                           0.69      1601
   macro avg       0.57      0.47      0.45      1601
weighted avg       0.68      0.69      0.63      1601

Accuracy Score: 0.6901936289818863
Cross validation accuracy mean score: 0.7134375000000001
=========================================================

K-Nearest Neighbors

Classification Report: 
              precision    recall  f1-score   support

           0       0.79      0.96      0.87       130
           1       0.85      0.93      0.89       110
           2       0.14      0.76      0.24        93
           3       0.13      0.20      0.16       101
           4       0.75      0.51      0.61       103
           5       0.34      0.27      0.30        45
           6       0.10      0.07      0.08        30
           7       1.00      0.88      0.94       102
           8       0.00      0.00      0.00         3
           9       0.55      0.15      0.24        39
          10       0.23      0.12      0.15        43
          11       1.00      0.33      0.50         6
          12       0.00      0.00      0.00        13
          13       0.71      0.42      0.53        12
          14       0.00      0.00      0.00        13
          15       0.90      0.67      0.77        42
          16       0.44      0.17      0.25        23
          17       0.69      0.32      0.44        28
          18       0.87      0.78      0.82        91
          19       0.73      0.42      0.54        26
          20       0.00      0.00      0.00         3
          21       0.67      0.09      0.16        45
          22       0.00      0.00      0.00        17
          23       0.71      0.40      0.51        25
          24       1.00      0.62      0.76        21
          25       0.33      0.34      0.34        61
          26       0.36      0.12      0.18        33
          27       0.00      0.00      0.00         8
          28       0.00      0.00      0.00        11
          29       0.00      0.00      0.00         4
          30       0.00      0.00      0.00        20
          31       0.00      0.00      0.00         1
          32       0.57      0.08      0.14        52
          33       1.00      0.41      0.58        44
          34       0.40      0.20      0.27        30
          35       0.68      0.55      0.61        71
          36       0.00      0.00      0.00        18
          37       1.00      0.25      0.40        16
          38       0.97      0.88      0.92        34
          39       0.88      0.26      0.40        27
          40       1.00      0.29      0.44         7

    accuracy                           0.49      1601
   macro avg       0.48      0.30      0.34      1601
weighted avg       0.59      0.49      0.49      1601

Accuracy Score: 0.48594628357276703
Cross validation accuracy mean score: 0.4953125
=========================================================

Random Forest:

Classification Report: 
              precision    recall  f1-score   support

           0       0.94      1.00      0.97       130
           1       0.90      0.95      0.92       110
           2       0.49      0.87      0.63        93
           3       0.43      0.20      0.27       101
           4       0.66      0.73      0.69       103
           5       0.38      0.44      0.41        45
           6       0.17      0.13      0.15        30
           7       0.97      0.99      0.98       102
           8       0.00      0.00      0.00         3
           9       0.80      0.72      0.76        39
          10       0.73      0.63      0.68        43
          11       0.75      0.50      0.60         6
          12       0.75      0.23      0.35        13
          13       0.77      0.83      0.80        12
          14       1.00      0.15      0.27        13
          15       0.71      0.83      0.77        42
          16       0.86      0.52      0.65        23
          17       0.95      0.68      0.79        28
          18       0.86      0.96      0.91        91
          19       0.68      0.81      0.74        26
          20       0.00      0.00      0.00         3
          21       0.80      0.78      0.79        45
          22       0.53      0.47      0.50        17
          23       0.76      0.88      0.81        25
          24       0.94      0.76      0.84        21
          25       0.51      0.69      0.59        61
          26       0.54      0.39      0.46        33
          27       0.67      0.25      0.36         8
          28       0.44      0.36      0.40        11
          29       1.00      0.25      0.40         4
          30       0.64      0.45      0.53        20
          31       1.00      1.00      1.00         1
          32       0.84      0.81      0.82        52
          33       0.86      1.00      0.93        44
          34       0.33      0.17      0.22        30
          35       0.70      0.80      0.75        71
          36       0.70      0.39      0.50        18
          37       0.93      0.88      0.90        16
          38       0.94      0.97      0.96        34
          39       0.85      0.85      0.85        27
          40       0.71      0.71      0.71         7

    accuracy                           0.73      1601
   macro avg       0.70      0.61      0.63      1601
weighted avg       0.72      0.73      0.71      1601

Accuracy Score: 0.7276702061211743
Cross validation accuracy mean score: 0.746875
=========================================================

CART:

Classification Report: 
              precision    recall  f1-score   support

           0       0.94      1.00      0.97       130
           1       0.87      0.90      0.88       110
           2       0.49      0.85      0.62        93
           3       0.30      0.17      0.22       101
           4       0.59      0.62      0.60       103
           5       0.34      0.31      0.33        45
           6       0.15      0.13      0.14        30
           7       0.96      0.98      0.97       102
           8       0.00      0.00      0.00         3
           9       0.60      0.54      0.57        39
          10       0.47      0.53      0.50        43
          11       0.43      0.50      0.46         6
          12       0.21      0.23      0.22        13
          13       0.50      0.33      0.40        12
          14       0.31      0.31      0.31        13
          15       0.65      0.62      0.63        42
          16       0.71      0.43      0.54        23
          17       0.61      0.68      0.64        28
          18       0.89      0.87      0.88        91
          19       0.48      0.58      0.53        26
          20       0.00      0.00      0.00         3
          21       0.74      0.62      0.67        45
          22       0.27      0.41      0.33        17
          23       0.67      0.72      0.69        25
          24       0.94      0.71      0.81        21
          25       0.51      0.54      0.52        61
          26       0.43      0.45      0.44        33
          27       0.67      0.25      0.36         8
          28       0.50      0.45      0.48        11
          29       0.50      0.25      0.33         4
          30       0.62      0.50      0.56        20
          31       1.00      1.00      1.00         1
          32       0.66      0.52      0.58        52
          33       0.83      0.91      0.87        44
          34       0.31      0.33      0.32        30
          35       0.73      0.63      0.68        71
          36       0.43      0.50      0.46        18
          37       0.75      0.56      0.64        16
          38       0.91      0.94      0.93        34
          39       0.88      0.52      0.65        27
          40       0.50      0.43      0.46         7

    accuracy                           0.65      1601
   macro avg       0.57      0.53      0.54      1601
weighted avg       0.65      0.65      0.64      1601

Accuracy Score: 0.6483447845096815
Cross validation accuracy mean score: 0.67421875
=========================================================

LinearSVM:

Classification Report: 
              precision    recall  f1-score   support

           0       0.96      1.00      0.98       130
           1       0.98      0.95      0.96       110
           2       0.53      0.95      0.68        93
           3       0.44      0.19      0.26       101
           4       0.75      0.75      0.75       103
           5       0.42      0.49      0.45        45
           6       0.20      0.17      0.18        30
           7       1.00      0.96      0.98       102
           8       0.50      0.33      0.40         3
           9       0.74      0.72      0.73        39
          10       0.57      0.58      0.57        43
          11       0.62      0.83      0.71         6
          12       0.70      0.54      0.61        13
          13       0.77      0.83      0.80        12
          14       1.00      0.38      0.56        13
          15       0.80      0.83      0.81        42
          16       0.79      0.65      0.71        23
          17       0.80      0.86      0.83        28
          18       0.97      0.91      0.94        91
          19       0.77      0.92      0.84        26
          20       0.00      0.00      0.00         3
          21       0.82      0.73      0.78        45
          22       0.47      0.53      0.50        17
          23       0.85      0.88      0.86        25
          24       0.82      0.86      0.84        21
          25       0.47      0.64      0.54        61
          26       0.54      0.45      0.49        33
          27       1.00      0.25      0.40         8
          28       0.50      0.36      0.42        11
          29       0.00      0.00      0.00         4
          30       0.62      0.50      0.56        20
          31       0.33      1.00      0.50         1
          32       0.80      0.83      0.81        52
          33       0.96      1.00      0.98        44
          34       0.58      0.37      0.45        30
          35       0.75      0.85      0.79        71
          36       0.77      0.56      0.65        18
          37       0.79      0.94      0.86        16
          38       0.97      0.97      0.97        34
          39       0.96      0.89      0.92        27
          40       1.00      0.86      0.92         7

    accuracy                           0.75      1601
   macro avg       0.69      0.67      0.66      1601
weighted avg       0.75      0.75      0.74      1601

Accuracy Score: 0.7520299812617114
Cross validation accuracy mean score: 0.77578125
=========================================================

SVC (C-Support Vector Classification):

Classification Report: 
              precision    recall  f1-score   support

           0       0.94      1.00      0.97       130
           1       0.95      0.96      0.95       110
           2       0.55      0.97      0.70        93
           3       0.53      0.17      0.26       101
           4       0.74      0.77      0.75       103
           5       0.38      0.47      0.42        45
           6       0.10      0.07      0.08        30
           7       1.00      0.96      0.98       102
           8       0.00      0.00      0.00         3
           9       0.67      0.82      0.74        39
          10       0.54      0.60      0.57        43
          11       0.75      0.50      0.60         6
          12       0.60      0.23      0.33        13
          13       0.83      0.83      0.83        12
          14       1.00      0.23      0.38        13
          15       0.79      0.81      0.80        42
          16       0.82      0.61      0.70        23
          17       0.78      0.75      0.76        28
          18       0.94      0.91      0.93        91
          19       0.71      0.96      0.82        26
          20       0.00      0.00      0.00         3
          21       0.79      0.73      0.76        45
          22       0.50      0.65      0.56        17
          23       0.85      0.88      0.86        25
          24       0.94      0.76      0.84        21
          25       0.41      0.70      0.52        61
          26       0.42      0.24      0.31        33
          27       0.00      0.00      0.00         8
          28       0.67      0.18      0.29        11
          29       0.00      0.00      0.00         4
          30       0.60      0.30      0.40        20
          31       1.00      1.00      1.00         1
          32       0.75      0.85      0.79        52
          33       0.96      1.00      0.98        44
          34       0.50      0.17      0.25        30
          35       0.70      0.87      0.78        71
          36       0.82      0.50      0.62        18
          37       0.79      0.94      0.86        16
          38       0.97      0.97      0.97        34
          39       0.92      0.89      0.91        27
          40       1.00      0.57      0.73         7

    accuracy                           0.74      1601
   macro avg       0.66      0.61      0.61      1601
weighted avg       0.73      0.74      0.71      1601

Accuracy Score: 0.7364147407870081
Cross validation accuracy mean score: 0.760625

=========================================================

XGBoost:

Classification Report: 
              precision    recall  f1-score   support

           0       0.96      1.00      0.98       130
           1       0.97      0.94      0.95       110
           2       0.48      0.84      0.61        93
           3       0.40      0.23      0.29       101
           4       0.73      0.70      0.71       103
           5       0.38      0.42      0.40        45
           6       0.18      0.17      0.17        30
           7       0.98      0.97      0.98       102
           8       0.20      0.33      0.25         3
           9       0.81      0.64      0.71        39
          10       0.70      0.70      0.70        43
          11       0.50      0.50      0.50         6
          12       0.56      0.38      0.45        13
          13       0.60      0.75      0.67        12
          14       0.80      0.31      0.44        13
          15       0.83      0.81      0.82        42
          16       0.78      0.61      0.68        23
          17       0.82      0.82      0.82        28
          18       0.93      0.93      0.93        91
          19       0.69      0.85      0.76        26
          20       0.00      0.00      0.00         3
          21       0.77      0.73      0.75        45
          22       0.44      0.47      0.46        17
          23       0.73      0.88      0.80        25
          24       0.90      0.86      0.88        21
          25       0.60      0.64      0.62        61
          26       0.49      0.55      0.51        33
          27       0.67      0.25      0.36         8
          28       0.36      0.36      0.36        11
          29       0.25      0.25      0.25         4
          30       0.58      0.55      0.56        20
          31       1.00      1.00      1.00         1
          32       0.85      0.79      0.82        52
          33       0.94      1.00      0.97        44
          34       0.45      0.33      0.38        30
          35       0.73      0.75      0.74        71
          36       0.80      0.44      0.57        18
          37       0.89      1.00      0.94        16
          38       0.92      1.00      0.96        34
          39       0.92      0.81      0.86        27
          40       0.62      0.71      0.67         7

    accuracy                           0.73      1601
   macro avg       0.66      0.64      0.64      1601
weighted avg       0.74      0.73      0.73      1601

Accuracy Score: 0.7332916926920675
Cross validation accuracy mean score: 0.7550000000000001
=========================================================

LightGBM: 

Classification Report: 
              precision    recall  f1-score   support

           0       0.96      1.00      0.98       130
           1       0.98      0.95      0.96       110
           2       0.42      0.84      0.56        93
           3       0.32      0.20      0.25       101
           4       0.64      0.73      0.68       103
           5       0.38      0.36      0.37        45
           6       0.17      0.17      0.17        30
           7       0.98      0.97      0.98       102
           8       0.50      0.33      0.40         3
           9       0.83      0.62      0.71        39
          10       0.72      0.72      0.72        43
          11       0.80      0.67      0.73         6
          12       0.62      0.38      0.48        13
          13       0.80      0.67      0.73        12
          14       0.83      0.38      0.53        13
          15       0.80      0.83      0.81        42
          16       0.74      0.61      0.67        23
          17       0.88      0.82      0.85        28
          18       0.95      0.92      0.94        91
          19       0.78      0.81      0.79        26
          20       0.00      0.00      0.00         3
          21       0.81      0.76      0.78        45
          22       0.62      0.47      0.53        17
          23       0.81      0.84      0.82        25
          24       0.95      0.90      0.93        21
          25       0.63      0.69      0.66        61
          26       0.50      0.42      0.46        33
          27       0.50      0.25      0.33         8
          28       0.42      0.45      0.43        11
          29       1.00      0.25      0.40         4
          30       0.63      0.60      0.62        20
          31       0.33      1.00      0.50         1
          32       0.86      0.83      0.84        52
          33       0.96      0.98      0.97        44
          34       0.48      0.33      0.39        30
          35       0.71      0.75      0.73        71
          36       0.80      0.44      0.57        18
          37       1.00      0.81      0.90        16
          38       0.94      0.94      0.94        34
          39       1.00      0.81      0.90        27
          40       0.75      0.86      0.80         7

    accuracy                           0.73      1601
   macro avg       0.70      0.64      0.65      1601
weighted avg       0.74      0.73      0.73      1601

Accuracy Score: 0.7314178638351031
Cross validation accuracy mean score: 0.6115625
=========================================================
