Sentence Text to Category ID
Multi-Class Classification

Multinomial Naive Bayes

Classification Report: 
              precision    recall  f1-score   support

           0       0.75      0.09      0.16        34
           1       1.00      0.24      0.38        21
           2       0.50      0.25      0.33        85
           3       0.36      0.22      0.27        74
           4       0.88      0.23      0.37        30
           5       0.24      0.30      0.26       120
           6       0.26      0.53      0.35       118
           7       0.68      0.34      0.45        68
           8       0.78      0.81      0.79        47
           9       0.62      0.16      0.25        51
          10       0.35      0.31      0.33        49
          11       0.67      0.29      0.40        49
          12       0.18      0.62      0.28       143
          13       0.60      0.20      0.30        76
          14       0.08      0.02      0.03        45
          15       0.40      0.02      0.04        85
          16       0.00      0.00      0.00        15
          17       0.10      0.02      0.03        61
          18       1.00      0.11      0.20        36
          19       0.86      0.15      0.26        40
          20       0.22      0.41      0.28        73
          21       0.34      0.36      0.35        76
          22       0.20      0.25      0.22       101
          23       0.28      0.20      0.23        75
          24       0.83      0.17      0.29        29

    accuracy                           0.29      1601
   macro avg       0.49      0.25      0.27      1601
weighted avg       0.41      0.29      0.28      1601

Accuracy Score: 0.292317301686446
Cross validation accuracy mean score: 0.28890625000000003
=========================================================

K-Nearest Neighbors
Classification Report: 
              precision    recall  f1-score   support

           0       0.24      0.26      0.25        34
           1       0.06      0.52      0.10        21
           2       0.27      0.46      0.34        85
           3       0.24      0.35      0.29        74
           4       0.47      0.50      0.48        30
           5       0.19      0.26      0.22       120
           6       0.27      0.29      0.28       118
           7       0.31      0.32      0.32        68
           8       0.56      0.47      0.51        47
           9       0.29      0.29      0.29        51
          10       0.36      0.24      0.29        49
          11       0.42      0.29      0.34        49
          12       0.22      0.22      0.22       143
          13       0.26      0.17      0.21        76
          14       0.15      0.22      0.18        45
          15       0.13      0.04      0.06        85
          16       0.33      0.07      0.11        15
          17       0.20      0.05      0.08        61
          18       0.33      0.17      0.22        36
          19       0.50      0.23      0.31        40
          20       0.45      0.25      0.32        73
          21       0.43      0.29      0.35        76
          22       0.21      0.22      0.21       101
          23       0.37      0.15      0.21        75
          24       0.14      0.03      0.06        29

    accuracy                           0.25      1601
   macro avg       0.30      0.25      0.25      1601
weighted avg       0.28      0.25      0.25      1601

Accuracy Score: 0.2504684572142411
Cross validation accuracy mean score: 0.22921875000000003
=========================================================

CART Decision Tree

Classification Report: 
              precision    recall  f1-score   support

           0       0.42      0.53      0.47        34
           1       0.18      0.52      0.27        21
           2       0.28      0.32      0.30        85
           3       0.26      0.27      0.27        74
           4       0.40      0.47      0.43        30
           5       0.17      0.23      0.19       120
           6       0.43      0.42      0.42       118
           7       0.42      0.38      0.40        68
           8       0.65      0.79      0.71        47
           9       0.25      0.27      0.26        51
          10       0.59      0.41      0.48        49
          11       0.35      0.35      0.35        49
          12       0.25      0.28      0.27       143
          13       0.40      0.32      0.35        76
          14       0.21      0.27      0.23        45
          15       0.11      0.07      0.09        85
          16       0.14      0.07      0.09        15
          17       0.18      0.16      0.17        61
          18       0.29      0.25      0.27        36
          19       0.31      0.28      0.29        40
          20       0.23      0.25      0.24        73
          21       0.56      0.43      0.49        76
          22       0.36      0.26      0.30       101
          23       0.30      0.24      0.26        75
          24       0.25      0.17      0.20        29

    accuracy                           0.31      1601
   macro avg       0.32      0.32      0.31      1601
weighted avg       0.32      0.31      0.31      1601

Accuracy Score: 0.30855715178013743
Cross validation accuracy mean score: 0.3178125
=========================================================

SVC C-Support Vector Classification

Classification Report: 
              precision    recall  f1-score   support

           0       0.70      0.41      0.52        34
           1       0.50      0.48      0.49        21
           2       0.45      0.34      0.39        85
           3       0.40      0.36      0.38        74
           4       0.62      0.43      0.51        30
           5       0.24      0.33      0.28       120
           6       0.48      0.47      0.47       118
           7       0.62      0.43      0.50        68
           8       0.80      0.79      0.80        47
           9       0.50      0.27      0.35        51
          10       0.95      0.43      0.59        49
          11       0.48      0.33      0.39        49
          12       0.18      0.57      0.28       143
          13       0.40      0.26      0.32        76
          14       0.16      0.11      0.13        45
          15       0.19      0.06      0.09        85
          16       1.00      0.07      0.12        15
          17       0.30      0.15      0.20        61
          18       1.00      0.22      0.36        36
          19       0.67      0.35      0.46        40
          20       0.28      0.38      0.32        73
          21       0.63      0.43      0.52        76
          22       0.30      0.40      0.34       101
          23       0.41      0.28      0.33        75
          24       0.14      0.03      0.06        29

    accuracy                           0.36      1601
   macro avg       0.50      0.34      0.37      1601
weighted avg       0.43      0.36      0.36      1601

Accuracy Score: 0.3560274828232355
Cross validation accuracy mean score: 0.35343749999999996
=========================================================

LinearSVC

Classification Report: 
              precision    recall  f1-score   support

           0       0.43      0.47      0.45        34
           1       0.48      0.67      0.56        21
           2       0.35      0.38      0.36        85
           3       0.35      0.38      0.37        74
           4       0.55      0.60      0.57        30
           5       0.30      0.28      0.29       120
           6       0.53      0.48      0.51       118
           7       0.56      0.56      0.56        68
           8       0.75      0.85      0.80        47
           9       0.33      0.27      0.30        51
          10       0.57      0.49      0.53        49
          11       0.40      0.37      0.38        49
          12       0.27      0.38      0.32       143
          13       0.40      0.41      0.40        76
          14       0.17      0.20      0.18        45
          15       0.09      0.05      0.06        85
          16       0.14      0.07      0.09        15
          17       0.23      0.18      0.20        61
          18       0.45      0.28      0.34        36
          19       0.46      0.42      0.44        40
          20       0.27      0.34      0.30        73
          21       0.43      0.46      0.44        76
          22       0.32      0.30      0.31       101
          23       0.34      0.31      0.32        75
          24       0.23      0.24      0.23        29

    accuracy                           0.37      1601
   macro avg       0.38      0.38      0.37      1601
weighted avg       0.37      0.37      0.36      1601

Accuracy Score: 0.36914428482198625
Cross validation accuracy mean score: 0.365625
=========================================================

Random Forest

Classification Report: 
              precision    recall  f1-score   support

           0       0.61      0.68      0.64        34
           1       0.48      0.67      0.56        21
           2       0.44      0.42      0.43        85
           3       0.37      0.35      0.36        74
           4       0.59      0.57      0.58        30
           5       0.25      0.26      0.26       120
           6       0.52      0.47      0.50       118
           7       0.57      0.53      0.55        68
           8       0.78      0.85      0.82        47
           9       0.43      0.29      0.35        51
          10       0.74      0.51      0.60        49
          11       0.44      0.33      0.38        49
          12       0.26      0.41      0.32       143
          13       0.46      0.42      0.44        76
          14       0.18      0.20      0.19        45
          15       0.11      0.07      0.09        85
          16       0.12      0.07      0.09        15
          17       0.24      0.21      0.22        61
          18       0.65      0.31      0.42        36
          19       0.35      0.33      0.34        40
          20       0.27      0.37      0.31        73
          21       0.55      0.51      0.53        76
          22       0.32      0.38      0.34       101
          23       0.39      0.39      0.39        75
          24       0.22      0.21      0.21        29

    accuracy                           0.39      1601
   macro avg       0.41      0.39      0.40      1601
weighted avg       0.40      0.39      0.39      1601

Accuracy Score: 0.3853841349156777
Cross validation accuracy mean score: 0.37953125
=========================================================

XGBoost

Classification Report: 
              precision    recall  f1-score   support

           0       0.61      0.56      0.58        34
           1       0.35      0.57      0.44        21
           2       0.42      0.34      0.38        85
           3       0.41      0.41      0.41        74
           4       0.53      0.53      0.53        30
           5       0.22      0.26      0.24       120
           6       0.46      0.46      0.46       118
           7       0.55      0.44      0.49        68
           8       0.83      0.83      0.83        47
           9       0.33      0.27      0.30        51
          10       0.74      0.47      0.58        49
          11       0.37      0.31      0.33        49
          12       0.21      0.36      0.26       143
          13       0.53      0.41      0.46        76
          14       0.24      0.29      0.26        45
          15       0.12      0.08      0.10        85
          16       0.11      0.07      0.08        15
          17       0.26      0.21      0.23        61
          18       0.69      0.31      0.42        36
          19       0.37      0.33      0.35        40
          20       0.24      0.33      0.28        73
          21       0.52      0.51      0.52        76
          22       0.33      0.35      0.34       101
          23       0.37      0.29      0.33        75
          24       0.24      0.21      0.22        29

    accuracy                           0.36      1601
   macro avg       0.40      0.37      0.38      1601
weighted avg       0.38      0.36      0.36      1601

Accuracy Score: 0.3610243597751405
Cross validation accuracy mean score: 0.35468750000000004
=========================================================

LightGBM:

Classification Report: 
              precision    recall  f1-score   support

           0       0.59      0.56      0.58        34
           1       0.40      0.57      0.47        21
           2       0.41      0.35      0.38        85
           3       0.40      0.38      0.39        74
           4       0.59      0.53      0.56        30
           5       0.24      0.29      0.26       120
           6       0.47      0.42      0.44       118
           7       0.67      0.51      0.58        68
           8       0.83      0.83      0.83        47
           9       0.29      0.24      0.26        51
          10       0.72      0.47      0.57        49
          11       0.42      0.35      0.38        49
          12       0.21      0.38      0.27       143
          13       0.43      0.34      0.38        76
          14       0.21      0.22      0.22        45
          15       0.11      0.08      0.09        85
          16       0.09      0.07      0.08        15
          17       0.25      0.21      0.23        61
          18       0.53      0.28      0.36        36
          19       0.39      0.33      0.36        40
          20       0.23      0.32      0.27        73
          21       0.56      0.46      0.50        76
          22       0.33      0.35      0.34       101
          23       0.38      0.35      0.36        75
          24       0.17      0.14      0.15        29

    accuracy                           0.36      1601
   macro avg       0.40      0.36      0.37      1601
weighted avg       0.38      0.36      0.36      1601

Accuracy Score: 0.3579013116801999
Cross validation accuracy mean score: 0.35828125000000005
=========================================================
