Document Text to Category 
Multi-Class Classification

Multinomial Naive Bayes

Classification Report: 
              precision    recall  f1-score   support

           0       0.00      0.00      0.00         2
           1       0.00      0.00      0.00         4
           2       0.00      0.00      0.00         7
           3       0.00      0.00      0.00         6
           5       0.20      0.14      0.17         7
           6       0.70      0.78      0.74         9
           7       0.00      0.00      0.00         4
           8       0.00      0.00      0.00         4
           9       0.00      0.00      0.00         2
          10       0.00      0.00      0.00         3
          11       1.00      0.50      0.67         4
          12       0.09      1.00      0.17         8
          13       0.00      0.00      0.00        10
          14       0.00      0.00      0.00         2
          15       0.00      0.00      0.00         6
          16       0.00      0.00      0.00         3
          17       0.00      0.00      0.00         2
          18       0.00      0.00      0.00         1
          19       0.00      0.00      0.00         1
          20       0.00      0.00      0.00        11
          21       1.00      0.11      0.20         9
          22       0.00      0.00      0.00         3
          23       0.00      0.00      0.00         5
          24       0.00      0.00      0.00         5

    accuracy                           0.16       118
   macro avg       0.12      0.11      0.08       118
weighted avg       0.18      0.16      0.12       118

Accuracy Score: 0.16101694915254236
Cross validation accuracy mean score: 0.21378353376503237
=========================================================

K-Nearest Neighbors

Classification Report: 
              precision    recall  f1-score   support

           0       0.20      0.50      0.29         2
           1       0.50      0.50      0.50         4
           2       0.30      0.43      0.35         7
           3       0.44      0.67      0.53         6
           4       0.00      0.00      0.00         0
           5       0.27      0.43      0.33         7
           6       0.50      0.89      0.64         9
           7       0.60      0.75      0.67         4
           8       0.80      1.00      0.89         4
           9       0.00      0.00      0.00         2
          10       0.50      0.67      0.57         3
          11       0.75      0.75      0.75         4
          12       0.21      0.38      0.27         8
          13       0.50      0.20      0.29        10
          14       0.50      0.50      0.50         2
          15       0.50      0.17      0.25         6
          16       0.00      0.00      0.00         3
          17       0.00      0.00      0.00         2
          18       1.00      1.00      1.00         1
          19       1.00      1.00      1.00         1
          20       0.33      0.09      0.14        11
          21       0.67      0.22      0.33         9
          22       0.00      0.00      0.00         3
          23       0.67      0.40      0.50         5
          24       1.00      0.80      0.89         5

    accuracy                           0.43       118
   macro avg       0.45      0.45      0.43       118
weighted avg       0.46      0.43      0.41       118

Accuracy Score: 0.4322033898305085
Cross validation accuracy mean score: 0.5109620721554117
=========================================================

CART

Classification Report: 
              precision    recall  f1-score   support

           0       1.00      0.50      0.67         2
           1       1.00      0.75      0.86         4
           2       0.80      0.57      0.67         7
           3       0.50      0.33      0.40         6
           5       0.25      0.29      0.27         7
           6       0.36      0.44      0.40         9
           7       0.75      0.75      0.75         4
           8       1.00      0.50      0.67         4
           9       0.33      0.50      0.40         2
          10       0.75      1.00      0.86         3
          11       0.40      0.50      0.44         4
          12       0.17      0.25      0.20         8
          13       1.00      0.50      0.67        10
          14       0.00      0.00      0.00         2
          15       0.12      0.17      0.14         6
          16       0.00      0.00      0.00         3
          17       0.67      1.00      0.80         2
          18       1.00      1.00      1.00         1
          19       1.00      1.00      1.00         1
          20       0.42      0.45      0.43        11
          21       1.00      0.89      0.94         9
          22       1.00      1.00      1.00         3
          23       0.00      0.00      0.00         5
          24       1.00      0.40      0.57         5

    accuracy                           0.48       118
   macro avg       0.61      0.53      0.55       118
weighted avg       0.58      0.48      0.51       118

Accuracy Score: 0.4830508474576271
Cross validation accuracy mean score: 0.587881591119334
=========================================================

SVC

Classification Report: 
              precision    recall  f1-score   support

           0       0.00      0.00      0.00         2
           1       0.00      0.00      0.00         4
           2       1.00      0.29      0.44         7
           3       0.50      0.17      0.25         6
           5       0.00      0.00      0.00         7
           6       0.70      0.78      0.74         9
           7       0.50      0.25      0.33         4
           8       1.00      0.50      0.67         4
           9       0.00      0.00      0.00         2
          10       1.00      0.33      0.50         3
          11       0.40      0.50      0.44         4
          12       0.16      0.62      0.25         8
          13       1.00      0.30      0.46        10
          14       0.00      0.00      0.00         2
          15       0.00      0.00      0.00         6
          16       0.00      0.00      0.00         3
          17       0.00      0.00      0.00         2
          18       0.00      0.00      0.00         1
          19       0.00      0.00      0.00         1
          20       0.27      0.36      0.31        11
          21       1.00      0.22      0.36         9
          22       0.10      0.67      0.17         3
          23       0.25      0.20      0.22         5
          24       0.00      0.00      0.00         5

    accuracy                           0.28       118
   macro avg       0.33      0.22      0.21       118
weighted avg       0.44      0.28      0.28       118

Accuracy Score: 0.2796610169491525
Cross validation accuracy mean score: 0.3570767807585569
=========================================================

LinearSVC

Classification Report: 
              precision    recall  f1-score   support

           0       1.00      0.50      0.67         2
           1       0.50      0.50      0.50         4
           2       0.67      0.57      0.62         7
           3       0.43      0.50      0.46         6
           5       0.00      0.00      0.00         7
           6       0.60      0.67      0.63         9
           7       0.60      0.75      0.67         4
           8       1.00      1.00      1.00         4
           9       0.00      0.00      0.00         2
          10       0.40      0.67      0.50         3
          11       0.38      0.75      0.50         4
          12       0.27      0.38      0.32         8
          13       0.86      0.60      0.71        10
          14       0.00      0.00      0.00         2
          15       0.00      0.00      0.00         6
          16       0.00      0.00      0.00         3
          17       0.33      0.50      0.40         2
          18       1.00      1.00      1.00         1
          19       1.00      1.00      1.00         1
          20       0.47      0.64      0.54        11
          21       1.00      0.44      0.62         9
          22       0.50      0.33      0.40         3
          23       0.33      0.20      0.25         5
          24       1.00      0.40      0.57         5

    accuracy                           0.47       118
   macro avg       0.51      0.47      0.47       118
weighted avg       0.52      0.47      0.47       118

Accuracy Score: 0.4661016949152542
Cross validation accuracy mean score: 0.5836262719703977
=========================================================

Random Forest:

Classification Report: 
              precision    recall  f1-score   support

           0       0.00      0.00      0.00         2
           1       0.75      0.75      0.75         4
           2       0.80      0.57      0.67         7
           3       0.80      0.67      0.73         6
           5       0.20      0.29      0.24         7
           6       0.70      0.78      0.74         9
           7       0.80      1.00      0.89         4
           8       1.00      1.00      1.00         4
           9       1.00      0.50      0.67         2
          10       0.75      1.00      0.86         3
          11       0.50      0.75      0.60         4
          12       0.29      0.50      0.36         8
          13       1.00      0.50      0.67        10
          14       0.00      0.00      0.00         2
          15       0.00      0.00      0.00         6
          16       0.00      0.00      0.00         3
          17       0.67      1.00      0.80         2
          18       1.00      1.00      1.00         1
          19       1.00      1.00      1.00         1
          20       0.53      0.82      0.64        11
          21       1.00      0.89      0.94         9
          22       1.00      1.00      1.00         3
          23       0.25      0.20      0.22         5
          24       1.00      0.20      0.33         5

    accuracy                           0.59       118
   macro avg       0.63      0.60      0.59       118
weighted avg       0.63      0.59      0.58       118

Accuracy Score: 0.5932203389830508
Cross validation accuracy mean score: 0.6859851988899168
=========================================================

XGBoost

Classification Report: 
              precision    recall  f1-score   support

           0       1.00      0.50      0.67         2
           1       0.75      0.75      0.75         4
           2       1.00      0.57      0.73         7
           3       0.80      0.67      0.73         6
           5       0.25      0.29      0.27         7
           6       0.75      0.67      0.71         9
           7       1.00      0.75      0.86         4
           8       1.00      1.00      1.00         4
           9       1.00      0.50      0.67         2
          10       1.00      1.00      1.00         3
          11       0.60      0.75      0.67         4
          12       0.29      0.50      0.36         8
          13       1.00      0.50      0.67        10
          14       0.00      0.00      0.00         2
          15       0.12      0.17      0.14         6
          16       0.00      0.00      0.00         3
          17       0.67      1.00      0.80         2
          18       1.00      1.00      1.00         1
          19       1.00      1.00      1.00         1
          20       0.56      0.82      0.67        11
          21       1.00      0.89      0.94         9
          22       1.00      1.00      1.00         3
          23       0.33      0.40      0.36         5
          24       1.00      0.40      0.57         5

    accuracy                           0.61       118
   macro avg       0.71      0.63      0.65       118
weighted avg       0.69      0.61      0.63       118

Accuracy Score: 0.6101694915254238
Cross validation accuracy mean score: 0.692368177613321
=========================================================

LightGBM:

Classification Report: 
              precision    recall  f1-score   support

           0       1.00      0.50      0.67         2
           1       1.00      0.25      0.40         4
           2       1.00      0.57      0.73         7
           3       0.50      0.33      0.40         6
           4       0.00      0.00      0.00         0
           5       0.22      0.29      0.25         7
           6       0.78      0.78      0.78         9
           7       1.00      0.75      0.86         4
           8       0.80      1.00      0.89         4
           9       0.50      0.50      0.50         2
          10       1.00      0.67      0.80         3
          11       0.43      0.75      0.55         4
          12       0.20      0.38      0.26         8
          13       1.00      0.50      0.67        10
          14       0.00      0.00      0.00         2
          15       0.25      0.33      0.29         6
          16       0.00      0.00      0.00         3
          17       0.67      1.00      0.80         2
          18       1.00      1.00      1.00         1
          19       1.00      1.00      1.00         1
          20       0.53      0.73      0.62        11
          21       1.00      0.89      0.94         9
          22       1.00      1.00      1.00         3
          23       0.40      0.40      0.40         5
          24       1.00      0.40      0.57         5

    accuracy                           0.57       118
   macro avg       0.65      0.56      0.57       118
weighted avg       0.67      0.57      0.58       118

Accuracy Score: 0.5677966101694916
Cross validation accuracy mean score: 0.6430619796484736
=========================================================
