# May have skewed results since I incorrectly created extra rows for documents with multiple labels by duplicating the Category ID.

Sentence Text to Category ID
Multi-Class Classification

Multinomial Naive Bayes

Classification Report: 
              precision    recall  f1-score   support

           0       0.80      0.10      0.17        42
           1       1.00      0.30      0.46        27
           2       0.48      0.38      0.42       120
           3       0.28      0.21      0.24        87
           4       0.88      0.21      0.33        34
           5       0.23      0.58      0.33       162
           6       0.24      0.65      0.35       144
           7       0.75      0.30      0.43        60
           8       0.82      0.82      0.82        44
           9       0.81      0.30      0.44        57
          10       0.39      0.27      0.32        49
          11       0.53      0.18      0.27        50
          12       0.34      0.59      0.43       124
          13       0.80      0.13      0.23        61
          14       0.60      0.33      0.43        63
          15       1.00      0.06      0.11        50
          16       0.00      0.00      0.00         5
          17       0.62      0.09      0.15        58
          18       1.00      0.09      0.17        32
          19       1.00      0.10      0.18        30
          20       0.27      0.33      0.30        66
          21       0.38      0.32      0.35        69
          22       0.20      0.12      0.15        95
          23       0.60      0.12      0.19        52
          24       0.00      0.00      0.00        20

    accuracy                           0.34      1601
   macro avg       0.56      0.26      0.29      1601
weighted avg       0.49      0.34      0.32      1601

Accuracy Score: 0.33666458463460336
Cross validation accuracy mean score: 0.34203125000000006
=========================================================

K-Nearest Neighbors

Classification Report: 
              precision    recall  f1-score   support

           0       0.50      0.38      0.43        42
           1       0.09      0.59      0.16        27
           2       0.39      0.62      0.48       120
           3       0.34      0.36      0.35        87
           4       0.56      0.53      0.55        34
           5       0.44      0.53      0.48       162
           6       0.46      0.47      0.46       144
           7       0.36      0.30      0.33        60
           8       0.63      0.50      0.56        44
           9       0.27      0.35      0.31        57
          10       0.48      0.24      0.32        49
          11       0.67      0.48      0.56        50
          12       0.48      0.47      0.48       124
          13       0.33      0.16      0.22        61
          14       0.27      0.43      0.33        63
          15       0.38      0.30      0.33        50
          16       1.00      0.20      0.33         5
          17       0.35      0.10      0.16        58
          18       0.38      0.16      0.22        32
          19       0.43      0.20      0.27        30
          20       0.54      0.41      0.47        66
          21       0.53      0.26      0.35        69
          22       0.23      0.21      0.22        95
          23       0.54      0.13      0.22        52
          24       0.50      0.05      0.09        20

    accuracy                           0.38      1601
   macro avg       0.45      0.34      0.35      1601
weighted avg       0.42      0.38      0.38      1601

Accuracy Score: 0.37851342910680824
Cross validation accuracy mean score: 0.33875
=========================================================

CART Decision Tree

Classification Report: 
              precision    recall  f1-score   support

           0       0.78      0.69      0.73        42
           1       0.36      0.74      0.49        27
           2       0.62      0.68      0.65       120
           3       0.48      0.36      0.41        87
           4       0.70      0.62      0.66        34
           5       0.62      0.70      0.66       162
           6       0.69      0.71      0.70       144
           7       0.37      0.38      0.38        60
           8       0.58      0.82      0.68        44
           9       0.62      0.51      0.56        57
          10       0.52      0.45      0.48        49
          11       0.51      0.58      0.54        50
          12       0.66      0.70      0.68       124
          13       0.37      0.33      0.35        61
          14       0.64      0.70      0.67        63
          15       0.60      0.56      0.58        50
          16       0.00      0.00      0.00         5
          17       0.31      0.29      0.30        58
          18       0.27      0.25      0.26        32
          19       0.46      0.37      0.41        30
          20       0.41      0.45      0.43        66
          21       0.56      0.51      0.53        69
          22       0.38      0.28      0.32        95
          23       0.45      0.35      0.39        52
          24       0.21      0.20      0.21        20

    accuracy                           0.54      1601
   macro avg       0.49      0.49      0.48      1601
weighted avg       0.54      0.54      0.53      1601

Accuracy Score: 0.5409119300437226
Cross validation accuracy mean score: 0.544375
=========================================================

Linear Support Vector Machine


Classification Report: 
              precision    recall  f1-score   support

           0       0.75      0.57      0.65        42
           1       0.73      0.70      0.72        27
           2       0.68      0.64      0.66       120
           3       0.37      0.45      0.40        87
           4       0.76      0.56      0.64        34
           5       0.53      0.65      0.59       162
           6       0.56      0.66      0.61       144
           7       0.65      0.50      0.57        60
           8       0.86      0.86      0.86        44
           9       0.45      0.51      0.48        57
          10       0.75      0.49      0.59        49
          11       0.66      0.50      0.57        50
          12       0.48      0.75      0.58       124
          13       0.66      0.41      0.51        61
          14       0.55      0.65      0.60        63
          15       0.65      0.48      0.55        50
          16       1.00      0.20      0.33         5
          17       0.52      0.26      0.34        58
          18       0.44      0.25      0.32        32
          19       0.65      0.37      0.47        30
          20       0.39      0.53      0.45        66
          21       0.57      0.42      0.48        69
          22       0.31      0.41      0.35        95
          23       0.62      0.31      0.41        52
          24       0.20      0.05      0.08        20

    accuracy                           0.54      1601
   macro avg       0.59      0.49      0.51      1601
weighted avg       0.56      0.54      0.53      1601

Accuracy Score: 0.5390381011867583
Cross validation accuracy mean score: 0.5406250000000001
=========================================================

Random Forest (took about 40 minutes)

Classification Report: 
              precision    recall  f1-score   support

           0       0.79      0.79      0.79        42
           1       0.61      0.81      0.70        27
           2       0.67      0.73      0.70       120
           3       0.52      0.46      0.49        87
           4       0.70      0.68      0.69        34
           5       0.60      0.81      0.69       162
           6       0.68      0.76      0.72       144
           7       0.69      0.55      0.61        60
           8       0.82      0.91      0.86        44
           9       0.60      0.56      0.58        57
          10       0.72      0.53      0.61        49
          11       0.78      0.56      0.65        50
          12       0.65      0.85      0.73       124
          13       0.77      0.44      0.56        61
          14       0.51      0.75      0.60        63
          15       0.88      0.56      0.68        50
          16       1.00      0.20      0.33         5
          17       0.42      0.31      0.36        58
          18       0.67      0.31      0.43        32
          19       0.50      0.40      0.44        30
          20       0.48      0.62      0.54        66
          21       0.64      0.55      0.59        69
          22       0.43      0.36      0.39        95
          23       0.53      0.38      0.44        52
          24       0.27      0.20      0.23        20

    accuracy                           0.62      1601
   macro avg       0.64      0.56      0.58      1601
weighted avg       0.62      0.62      0.61      1601

Accuracy Score: 0.6183635227982511
Cross validation accuracy mean score: 0.6135937499999999
=========================================================

XGBoost

Classification Report: 
              precision    recall  f1-score   support

           0       0.79      0.79      0.79        42
           1       0.61      0.81      0.70        27
           2       0.67      0.73      0.70       120
           3       0.52      0.46      0.49        87
           4       0.70      0.68      0.69        34
           5       0.60      0.81      0.69       162
           6       0.68      0.76      0.72       144
           7       0.69      0.55      0.61        60
           8       0.82      0.91      0.86        44
           9       0.60      0.56      0.58        57
          10       0.72      0.53      0.61        49
          11       0.78      0.56      0.65        50
          12       0.65      0.85      0.73       124
          13       0.77      0.44      0.56        61
          14       0.51      0.75      0.60        63
          15       0.88      0.56      0.68        50
          16       1.00      0.20      0.33         5
          17       0.42      0.31      0.36        58
          18       0.67      0.31      0.43        32
          19       0.50      0.40      0.44        30
          20       0.48      0.62      0.54        66
          21       0.64      0.55      0.59        69
          22       0.43      0.36      0.39        95
          23       0.53      0.38      0.44        52
          24       0.27      0.20      0.23        20

    accuracy                           0.62      1601
   macro avg       0.64      0.56      0.58      1601
weighted avg       0.62      0.62      0.61      1601

Accuracy Score: 0.6183635227982511
Cross validation accuracy mean score: 0.6135937499999999
=========================================================

LightGBM

Classification Report: 
              precision    recall  f1-score   support

           0       0.83      0.71      0.77        42
           1       0.70      0.78      0.74        27
           2       0.67      0.68      0.68       120
           3       0.48      0.48      0.48        87
           4       0.76      0.65      0.70        34
           5       0.56      0.82      0.67       162
           6       0.70      0.70      0.70       144
           7       0.72      0.57      0.64        60
           8       0.85      0.89      0.87        44
           9       0.58      0.54      0.56        57
          10       0.75      0.49      0.59        49
          11       0.76      0.56      0.64        50
          12       0.55      0.81      0.65       124
          13       0.74      0.46      0.57        61
          14       0.64      0.70      0.67        63
          15       0.78      0.56      0.65        50
          16       1.00      0.20      0.33         5
          17       0.47      0.33      0.39        58
          18       0.71      0.31      0.43        32
          19       0.52      0.40      0.45        30
          20       0.43      0.56      0.49        66
          21       0.64      0.55      0.59        69
          22       0.37      0.43      0.40        95
          23       0.53      0.38      0.44        52
          24       0.50      0.10      0.17        20

    accuracy                           0.60      1601
   macro avg       0.65      0.55      0.57      1601
weighted avg       0.62      0.60      0.60      1601

Accuracy Score: 0.6039975015615241
Cross validation accuracy mean score: 0.590625
=========================================================

